local plr = game:GetService("Players").LocalPlayer.Character.Name
local library = loadstring(game:HttpGet("https://raw.githubusercontent.com/zxciaz/VenyxUI/main/Reuploaded"))() --someone reuploaded it so I put it in place of the original back up so guy can get free credit.
local venyx = library.new("The land of sports fucker", 5013109572)

-- themes
local themes = {
Background = Color3.fromRGB(24, 24, 24),
Glow = Color3.fromRGB(0, 0, 0),
Accent = Color3.fromRGB(10, 10, 10),
LightContrast = Color3.fromRGB(20, 20, 20),
DarkContrast = Color3.fromRGB(14, 14, 14),  
TextColor = Color3.fromRGB(255, 255, 255)
}
--credits
local page = venyx:addPage("Credits", 5012544693)
local section1 = page:addSection("Made By:")
local section2 = page:addSection("gangexploits#3231")

-- second page
local page = venyx:addPage("Main", 5012544693)
local section1 = page:addSection("features")
local section2 = page:addSection("GUI Stuff")
section1:addToggle("farm", nil, function(f)
    getgenv().Cs = f
    if getgenv().Cs then
    _G.Click = true
    
    while _G.Click do wait()
        game.Players.LocalPlayer.Character.HumanoidRootPart.CFrame = CFrame.new(-503.666748, 10.2538395, -338.166626, 1, 0, 0, 0, 1, 0, 0, 0, 1)
        wait(2)
        game.Players.LocalPlayer.Character.HumanoidRootPart.CFrame = CFrame.new(-507.080444, 23.0623589, -452.369324, 0.999893606, -0.0145870177, -0.000192728476, 0.0145882769, 0.999787152, 0.0145870177, -2.00935974e-05, -0.0145882769, 0.999893606)
        wait(1)
        game.Players.LocalPlayer.Character.HumanoidRootPart.CFrame = CFrame.new(-432.752289, 23.8550644, -503.373322, -0.999893546, -0.014587014, 0.000192728417, -0.0145882731, 0.999787152, -0.014587014, 2.00935829e-05, -0.0145882731, -0.999893546)
        wait(1)
        game.Players.LocalPlayer.Character.HumanoidRootPart.CFrame = CFrame.new(-447.735718, 37.1450043, -418.80011, 0.999893606, -0.0145870177, -0.000192728476, 0.0145882769, 0.999787152, 0.0145870177, -2.00935974e-05, -0.0145882769, 0.999893606)
        wait(1)
        game.Players.LocalPlayer.Character.HumanoidRootPart.CFrame = CFrame.new(-469.131714, 42.165699, -418.865112, 0.999893606, -0.0145870177, -0.000192728476, 0.0145882769, 0.999787152, 0.0145870177, -2.00935974e-05, -0.0145882769, 0.999893606)
        wait(1)
        game.Players.LocalPlayer.Character.HumanoidRootPart.CFrame = CFrame.new(-462.796173, 40.7789154, -364.526733, 0.999893606, -0.0145870177, -0.000192728476, 0.0145882769, 0.999787152, 0.0145870177, -2.00935974e-05, -0.0145882769, 0.999893606)
        wait(1)
        game.Players.LocalPlayer.Character.HumanoidRootPart.CFrame = CFrame.new(-465.722687, 63.8912125, -503.944397, -1, 0, 0, 0, 1, 0, 0, 0, -1)
        wait(3)
    
        end
    else
    _G.Click = false
    end
    end)
    section2:addButton("Kill GUI", function()
        game.CoreGui["The land of sports fucker"]:Destroy()
        end)
    section2:addKeybind("Toggle Keybind", Enum.KeyCode.LeftControl, function()
        print("Activated Keybind")
        venyx:toggle()
        end, function()
        print("Changed Keybind")
        end)
        --themes page
local theme = venyx:addPage("Theme", 5012544693)
local colors = theme:addSection("Colors")

for theme, color in pairs(themes) do -- all in one theme changer, i know, im cool
colors:addColorPicker(theme, color, function(color3)
venyx:setTheme(theme, color3)
end)
end
venyx:SelectPage(venyx.pages[1], true)

